11001101111001000011110101100011000000110011011110111011001101101010101000010110110010101110101111010111101001110000001111011000
11100110111100100001111010110001000000011001101111011101100110111101010100001011011001010111010101101011110100111000000111101100
11110011011110010000111101011000100000001100110111101110110011011110101010000101101100101011101000110101111010011100000011110110
01111001101111001000011110101100110000000110011011110111011001100111010101000010110110010101110100011010111101001110000001111011
00111100110111100100001111010110011000000011001101111011101100111011101010100001011011001010111010001101011110100111000000111101
00011110011011110010000111101011101100000001100110111101110110010101110101010000101101100101011111000110101111010011100000011110
10001111001101111001000011110101110110000000110011011110111011001010111010101000010110110010101101100011010111101001110000001111
11000111100110111100100001111010011011000000011001101111011101101101011101010100001011011001010110110001101011110100111000000111
01100011110011011110010000111101001101100000001100110111101110111110101110101010000101101100101011011000110101111010011100000011
10110001111001101111001000011110100110110000000110011011110111010111010111010101000010110110010111101100011010111101001110000001
01011000111100110111100100001111110011011000000011001101111011101011101011101010100001011011001011110110001101011110100111000000
10101100011110011011110010000111011001101100000001100110111101110101110101110101010000101101100101111011000110101111010011100000
11010110001111001101111001000011101100110110000000110011011110111010111010111010101000010110110000111101100011010111101001110000
11101011000111100110111100100001110110011011000000011001101111010101011101011101010100001011011000011110110001101011110100111000
11110101100011110011011110010000111011001101100000001100110111100010101110101110101010000101101100001111011000110101111010011100
01111010110001111001101111001000011101100110110000000110011011111001010111010111010101000010110100000111101100011010111101001110
00111101011000111100110111100100101110110011011000000011001101111100101011101011101010100001011000000011110110001101011110100111
00011110101100011110011011110010110111011001101100000001100110110110010101110101110101010000101110000001111011000110101111010011
00001111010110001111001101111001111011101100110110000000110011011011001010111010111010101000010111000000111101100011010111101001
10000111101011000111100110111100111101110110011011000000011001101101100101011101011101010100001011100000011110110001101011110100
01000011110101100011110011011110011110111011001101100000001100110110110010101110101110101010000101110000001111011000110101111010
00100001111010110001111001101111101111011101100110110000000110011011011001010111010111010101000000111000000111101100011010111101
10010000111101011000111100110111110111101110110011011000000011000101101100101011101011101010100010011100000011110110001101011110
11001000011110101100011110011011011011110111011001101100000001100010110110010101110101110101010001001110000001111011000110101111
11100100001111010110001111001101001101111011101100110110000000110001011011001010111010111010101010100111000000111101100011010111
11110010000111101011000111100110100110111101110110011011000000010000101101100101011101011101010111010011100000011110110001101011
01111001000011110101100011110011110011011110111011001101100000001000010110110010101110101110101011101001110000001111011000110101
10111100100001111010110001111001011001101111011101100110110000000100001011011001010111010111010111110100111000000111101100011010
11011110010000111101011000111100001100110111101110110011011000001010000101101100101011101011101001111010011100000011110110001101
01101111001000011110101100011110000110011011110111011001101100000101000010110110010101110101110110111101001110000001111011000110
00110111100100001111010110001111000011001101111011101100110110001010100001011011001010111010111001011110100111000000111101100011
10011011110010000111101011000111000001100110111101110110011011000101010000101101100101011101011110101111010011100000011110110001
01110100000101000000010111000001000000111101000000010111010110111011111110001110101011000011011011011101111111110100101011101101
10111010000010100000001011100000100000011110100000001011101011010101111111000111010101100001101111101110111111111010010101110110
01011101000001010000000101110000110000001111010000000101110101101010111111100011101010110000110101110111011111111101001010111011
00101110100000101000000010111000011000000111101000000010111010111101011111110001110101011000011010111011101111111110100101011101
00010111010000010100000001011100101100000011110100000001011101010110101111111000111010101100001111011101110111111111010010101110
00001011101000001010000000101110110110000001111010000000101110101011010111111100011101010110000101101110111011111111101001010111
00000101110100000101000000010111011011000000111101000000010111011101101011111110001110101011000010110111011101111111110100101011
10000010111010000010100000001011101101100000011110100000001011100110110101111111000111010101100011011011101110111111111010010101
11000001011101000001010000000101010110110000001111010000000101110011011010111111100011101010110011101101110111011111111101001010
11100000101110100000101000000010101011011000000111101000000010110001101101011111110001110101011001110110111011101111111110100101
01110000010111010000010100000001110101101100000011110100000001010000110110101111111000111010101110111011011101110111111111010010
10111000001011101000001010000000111010110110000001111010000000101000011011010111111100011101010101011101101110111011111111101001
01011100000101110100000101000000011101011011000000111101000000011100001101101011111110001110101010101110110111011101111111110100
00101110000010111010000010100000101110101101100000011110100000000110000110110101111111000111010101010111011011101110111111111010
00010111000001011101000001010000010111010110110000001111010000001011000011011010111111100011101000101011101101110111011111111101
00001011100000101110100000101000001011101011011000000111101000000101100001101101011111110001110110010101110110111011101111111110
00000101110000010111010000010100000101110101101100000011110100001010110000110110101111111000111001001010111011011101110111111111
00000010111000001011101000001010000010111010110110000001111010000101011000011011010111111100011110100101011101101110111011111111
00000001011100000101110100000101000001011101011011000000111101001010101100001101101011111110001111010010101110110111011101111111
10000000101110000010111010000010000000101110101101100000011110101101010110000110110101111111000111101001010111011011101110111111
01000000010111000001011101000001000000010111010110110000001111011110101011000011011010111111100011110100101011101101110111011111
10100000001011100000101110100000100000001011101011011000000111100111010101100001101101011111110011111010010101110110111011101111
01010000000101110000010111010000010000000101110101101100000011110011101010110000110110101111111011111101001010111011011101110111
00101000000010111000001011101000101000000010111010110110000001110001110101011000011011010111111111111110100101011101101110111011
00010100000001011100000101110100110100000001011101011011000000111000111010101100001101101011111111111111010010101110110111011101
00001010000000101110000010111010111010000000101110101101100000011100011101010110000110110101111111111111101001010111011011101110
00000101000000010111000001011101111101000000010111010110110000001110001110101011000011011010111101111111110100101011101101110111
10000010100000001011100000101110011110100000001011101011011000001111000111010101100001101101011110111111111010010101110110111011
01000001010000000101110000010111001111010000000101110101101100001111100011101010110000110110101111011111111101001010111011011101
10100000101000000010111000001011000111101000000010111010110110001111110001110101011000011011010111101111111110100101011101101110
11010000010100000001011100000101000011110100000001011101011011001111111000111010101100001101101001110111111111010010101110110111
11101000001010000000101110000010000001111010000000101110101101100111111100011101010110000110110110111011111111101001010111011011
11110111000111111100000110111011011011111101100001001101110000011110100011001110011110000111101000101100010100110101011100011100
11111011100011111110000011011101101101111110110000100110111000000111010001100111001111000011110100010110001010011010101110001110
11111101110001111111000001101110010110111111011000010011011100001011101000110011100111100001111000001011000101001101010111000111
01111110111000111111100000110111001011011111101100001001101110000101110100011001110011110000111110000101100010100110101011100011
10111111011100011111110000011011000101101111110110000100110111001010111010001100111001111000011111000010110001010011010101110001
11011111101110001111111000001101000010110111111011000010011011101101011101000110011100111100001111100001011000101001101010111000
11101111110111000111111100000110000001011011111101100001001101111110101110100011001110011110000101110000101100010100110101011100
01110111111011100011111110000011100000101101111110110000100110111111010111010001100111001111000000111000010110001010011010101110
10111011111101110001111111000001110000010110111111011000010011010111101011101000110011100111100000011100001011000101001101010111
11011101111110111000111111100000111000001011011111101100001001100011110101110100011001110011110010001110000101100010100110101011
01101110111111011100011111110000011100000101101111110110000100110001111010111010001100111001111011000111000010110001010011010101
00110111011111101110001111111000101110000010110111111011000010010000111101011101000110011100111111100011100001011000101001101010
00011011101111110111000111111100110111000001011011111101100001001000011110101110100011001110011101110001110000101100010100110101
00001101110111111011100011111110011011100000101101111110110000101100001111010111010001100111001110111000111000010110001010011010
00000110111011111101110001111111001101110000010110111111011000011110000111101011101000110011100101011100011100001011000101001101
10000011011101111110111000111111100110111000001011011111101100001111000011110101110100011001110010101110001110000101100010100110
11000001101110111111011100011111010011011100000101101111110110000111100001111010111010001100111001010111000111000010110001010011
11100000110111011111101110001111001001101110000010110111111011000011110000111101011101000110011110101011100011100001011000101001
11110000011011101111110111000111000100110111000001011011111101101001111000011110101110100011001111010101110001110000101100010100
11111000001101110111111011100011000010011011100000101101111110111100111100001111010111010001100101101010111000111000010110001010
11111100000110111011111101110001100001001101110000010110111111011110011110000111101011101000110000110101011100011100001011000101
11111110000011011101111110111000110000100110111000001011011111100111001111000011110101110100011010011010101110001110000101100010
01111111000001101110111111011100011000010011011100000101101111110011100111100001111010111010001101001101010111000111000010110001
00111111100000110111011111101110101100001001101110000010110111111001110011110000111101011101000110100110101011100011100001011000
00011111110000011011101111110111110110000100110111000001011011111100111001111000011110101110100001010011010101110001110000101100
10001111111000001101110111111011111011000010011011100000101101110110011100111100001111010111010000101001101010111000111000010110
11000111111100000110111011111101111101100001001101110000010110110011001110011110000111101011101000010100110101011100011100001011
11100011111110000011011101111110111110110000100110111000001011010001100111001111000011110101110110001010011010101110001110000101
01110001111111000001101110111111111111011000010011011100000101101000110011100111100001111010111011000101001101010111000111000010
10111000111111100000110111011111011111101100001001101110000010110100011001110011110000111101011101100010100110101011100011100001
11011100011111110000011011101111101111110110000100110111000001011010001100111001111000011110101110110001010011010101110001110000
11101110001111111000001101110111110111111011000010011011100000101101000110011100111100001111010101011000101001101010111000111000
11011011111000110110011010111101110111010110001101001101101110010110110101101101111001110001111110000101011011000001100011101010
11101101111100011011001101011110111011101011000110100110110111001011011010110110111100111000111101000010101101100000110001110101
01110110111110001101100110101111011101110101100011010011011011101101101101011011011110011100011110100001010110110000011000111010
10111011011111000110110011010111001110111010110001101001101101111110110110101101101111001110001101010000101011011000001100011101
11011101101111100011011001101011100111011101011000110100110110111111011011010110110111100111000110101000010101101100000110001110
11101110110111110001101100110101110011101110101100011010011011011111101101101011011011110011100001010100001010110110000011000111
11110111011011111000110110011010111001110111010110001101001101100111110110110101101101111001110010101010000101011011000001100011
01111011101101111100011011001101011100111011101011000110100110110011111011011010110110111100111011010101000010101101100000110001
10111101110110111110001101100110101110011101110101100011010011010001111101101101011011011110011111101010100001010110110000011000
01011110111011011111000110110011110111001110111010110001101001101000111110110110101101101111001101110101010000101011011000001100
10101111011101101111100011011001011011100111011101011000110100111100011111011011010110110111100100111010101000010101101100000110
11010111101110110111110001101100101101110011101110101100011010011110001111101101101011011011110000011101010100001010110110000011
01101011110111011011111000110110110110111001110111010110001101000111000111110110110101101101111010001110101010000101011011000001
00110101111011101101111100011011011011011100111011101011000110100011100011111011011010110110111111000111010101000010101101100000
10011010111101110110111110001101001101101110011101110101100011011001110001111101101101011011011101100011101010100001010110110000
11001101011110111011011111000110100110110111001110111010110001101100111000111110110110101101101100110001110101010000101011011000
01100110101111011101101111100011010011011011100111011101011000111110011100011111011011010110110100011000111010101000010101101100
10110011010111101110110111110001101001101101110011101110101100011111001110001111101101101011011000001100011101010100001010110110
11011001101011110111011011111000110100110110111001110111010110000111100111000111110110110101101100000110001110101010000101011011
01101100110101111011101101111100011010011011011100111011101011001011110011100011111011011010110110000011000111010101000010101101
00110110011010111101110110111110001101001101101110011101110101101101111001110001111101101101011011000001100011101010100001010110
00011011001101011110111011011111000110100110110111001110111010110110111100111000111110110110101101100000110001110101010000101011
10001101100110101111011101101111100011010011011011100111011101011011011110011100011111011011010110110000011000111010101000010101
11000110110011010111101110110111110001101001101101110011101110101101101111001110001111101101101011011000001100011101010100001010
11100011011001101011110111011011011000110100110110111001110111010110110111100111000111110110110101101100000110001110101010000101
11110001101100110101111011101101101100011010011011011100111011101011011011110011100011111011011010110110000011000111010101000010
11111000110110011010111101110110010110001101001101101110011101110101101101111001110001111101101101011011000001100011101010100001
01111100011011001101011110111011101011000110100110110111001110111010110110111100111000111110110110101101100000110001110101010000
10111110001101100110101111011101110101100011010011011011100111011101011011011110011100011111011001010110110000011000111010101000
11011111000110110011010111101110111010110001101001101101110011100110101101101111001110001111101100101011011000001100011101010100
01101111100011011001101011110111011101011000110100110110111001111011010110110111100111000111110100010101101100000110001110101010
10110111110001101100110101111011101110101100011010011011011100111101101011011011110011100011111000001010110110000011000111010101
